10 1.98854400000000000000E+30 0 0.00000000000000000000E+00 8.53009598507321000000E-01 2.62782492588784000000E+00 6.40444587495314000000E+01 8.22404162749105000000E+01 1.63541618164603000000E+02 2.16955525810339000000E+05 4.10958503367540000000E+02 1
199 3.30200000000000000000E+23 10 1.98854400000000000000E+30 2.05643172839634000000E-01 7.00408229967874000000E+00 4.83128065498531000000E+01 2.91676519539903000000E+01 8.52142173072330000000E+00 5.79089806893435000000E+07 8.79688984216828000000E+01 1
299 4.86850000000000000000E+24 10 1.98854400000000000000E+30 6.75479643437029000000E-03 3.39450469405720000000E+00 7.66406701429938000000E+01 5.46688393054096000000E+01 3.02816798333139000000E+02 1.08208592704385000000E+08 2.24699652415028000000E+02 1
399 5.97219000000000000000E+24 10 1.98854400000000000000E+30 1.64073937322788000000E-02 3.52820495320621000000E-03 1.52135616392939000000E+02 3.09229167755655000000E+02 2.07996676001366000000E+02 1.49667862806349000000E+08 3.65512717604784000000E+02 1
301 7.34900000000000000000E+22 399 5.97219000000000000000E+24 6.13793013283061000000E-02 5.05686612811482000000E+00 2.01756038776852000000E+02 1.25472339292299000000E+02 2.20758676589137000000E+02 3.82265608588025000000E+05 2.70576737752397000000E+01 1
499 6.41850000000000000000E+23 10 1.98854400000000000000E+30 9.35206526903474000000E-02 1.84839711412484000000E+00 4.95145608778004000000E+01 2.86575531932956000000E+02 2.90097602613316000000E+02 2.27937586219413000000E+08 6.86964280691170000000E+02 1
401 1.08000000000000000000E+16 499 6.41850000000000000000E+23 1.53063204944075000000E-02 2.76291170015422000000E+01 8.16517224477934000000E+01 1.45092124819759000000E+02 5.33835229657728000000E+01 9.37810527353719000000E+03 3.19133934357020000000E-01 1
402 1.80000000000000000000E+15 499 6.41850000000000000000E+23 2.33656193675639000000E-04 2.61068288186060000000E+01 7.87543976422300000000E+01 3.16403846829138000000E+02 5.49633450992789000000E+01 2.34595466108627000000E+04 1.26264061723870000000E+00 1
599 1.89813000000000000000E+27 10 1.98854400000000000000E+30 4.88557353208554000000E-02 1.30388569482135000000E+00 1.00516695067589000000E+02 2.73643386079503000000E+02 1.02716938298079000000E+02 7.78150461193637000000E+08 4.33110276990938000000E+03 1
501 8.93300000000000000000E+22 599 1.89813000000000000000E+27 4.69917076971392000000E-03 2.23809503239396000000E+00 3.37139243103643000000E+02 9.52473579971954000000E+01 2.62541185832372000000E+01 4.22045118531205000000E+05 1.77145042925546000000E+00 1
502 4.79700000000000000000E+22 599 1.89813000000000000000E+27 9.13168691647388000000E-03 2.63489779627251000000E+00 3.43401815774944000000E+02 2.66590658154234000000E+02 1.93786301343028000000E+02 6.71310552663964000000E+05 3.55369882468485000000E+00 1
503 1.48200000000000000000E+23 599 1.89813000000000000000E+27 1.81912034933441000000E-03 2.28360579846373000000E+00 3.40922245983913000000E+02 3.49928508531077000000E+02 1.55858319751576000000E+01 1.07054203733736000000E+06 7.15631646815586000000E+00 1
504 1.07600000000000000000E+23 599 1.89813000000000000000E+27 7.21577615590294000000E-03 1.98132388772545000000E+00 3.37013373905038000000E+02 2.85766014281694000000E+01 1.10315737412732000000E+02 1.88337670867746000000E+06 1.66991507260430000000E+01 1
505 7.50000000000000000000E+18 599 1.89813000000000000000E+27 3.20000000000000000000E-03 3.80000000000000000000E-01 1.08946000000000000000E+02 1.55873000000000000000E+02 1.85194000000000000000E+02 1.81400000000000000000E+05 4.98179000000000000000E-01 1
506 6.74400794893737000000E+18 599 1.89813000000000000000E+27 1.58600000000000000000E-01 2.86120000000000000000E+01 6.47980000000000000000E+01 3.31234000000000000000E+02 6.68740000000000000000E+01 1.14600000000000000000E+07 2.50566200000000000000E+02 1
507 8.69227691196372000000E+17 599 1.89813000000000000000E+27 2.10800000000000000000E-01 2.79450000000000000000E+01 1.15511000000000000000E+02 1.42001000000000000000E+02 3.30985000000000000000E+02 1.17400000000000000000E+07 2.59652800000000000000E+02 1
508 2.99730000000000000000E+17 599 1.89813000000000000000E+27 4.06200000000000000000E-01 1.51413000000000000000E+02 3.14223000000000000000E+02 1.69226000000000000000E+02 2.79769000000000000000E+02 2.36290000000000000000E+07 7.43630000000000000000E+02 -1
509 7.49330000000000000000E+16 599 1.89813000000000000000E+27 2.55200000000000000000E-01 1.58189000000000000000E+02 3.09199000000000000000E+02 3.54541000000000000000E+02 1.65352000000000000000E+02 2.39420000000000000000E+07 7.58900000000000000000E+02 -1
510 6.29440000000000000000E+16 599 1.89813000000000000000E+27 1.16100000000000000000E-01 2.76630000000000000000E+01 5.32600000000000000000E+00 4.96700000000000000000E+01 3.30475000000000000000E+02 1.17170000000000000000E+07 2.59220000000000000000E+02 1
511 1.31880000000000000000E+17 599 1.89813000000000000000E+27 2.54600000000000000000E-01 1.64994000000000000000E+02 1.14854000000000000000E+02 2.64160000000000000000E+01 2.33375000000000000000E+02 2.34010000000000000000E+07 7.34170000000000000000E+02 -1
512 2.99730000000000000000E+16 599 1.89813000000000000000E+27 2.33200000000000000000E-01 1.48693000000000000000E+02 1.59590000000000000000E+01 9.57720000000000000000E+01 2.53384000000000000000E+02 2.12540000000000000000E+07 6.29800000000000000000E+02 -1
513 1.09400000000000000000E+16 599 1.89813000000000000000E+27 1.62400000000000000000E-01 2.78820000000000000000E+01 2.19181000000000000000E+02 2.69393000000000000000E+02 2.30352000000000000000E+02 1.11640000000000000000E+07 2.40920000000000000000E+02 1
514 1.49870000000000000000E+18 599 1.89813000000000000000E+27 1.76000000000000000000E-02 1.08000000000000000000E+00 2.35694000000000000000E+02 2.34269000000000000000E+02 1.35956000000000000000E+02 2.21900000000000000000E+05 6.74500000000000000000E-01 -1
515 7.49330000000000000000E+15 599 1.89813000000000000000E+27 1.80000000000000000000E-03 5.40000000000000000000E-02 2.28378000000000000000E+02 3.28047000000000000000E+02 1.35673000000000000000E+02 1.29000000000000000000E+05 2.98260000000000000000E-01 1
516 1.19890000000000000000E+17 599 1.89813000000000000000E+27 1.20000000000000000000E-03 1.90000000000000000000E-02 1.46912000000000000000E+02 2.97177000000000000000E+02 2.76047000000000000000E+02 1.28000000000000000000E+05 2.94779000000000000000E-01 1
517 8.69230000000000000000E+14 599 1.89813000000000000000E+27 2.79600000000000000000E-01 1.47080000000000000000E+02 2.83104000000000000000E+02 2.39090000000000000000E+01 1.07962000000000000000E+02 2.40990000000000000000E+07 7.58770000000000000000E+02 -1
518 6.89390000000000000000E+14 599 1.89813000000000000000E+27 2.43500000000000000000E-01 4.29770000000000000000E+01 1.92288000000000000000E+02 2.17147000000000000000E+02 3.13051000000000000000E+02 7.50400000000000000000E+06 1.30020000000000000000E+02 1
519 2.09810000000000000000E+14 599 1.89813000000000000000E+27 4.15600000000000000000E-01 1.52781000000000000000E+02 2.80575000000000000000E+02 2.88882000000000000000E+02 1.35272000000000000000E+02 2.38140000000000000000E+07 7.52860000000000000000E+02 -1
520 1.64850000000000000000E+14 599 1.89813000000000000000E+27 2.52300000000000000000E-01 1.65253000000000000000E+02 3.05114000000000000000E+02 2.31540000000000000000E+02 9.47560000000000000000E+01 2.33630000000000000000E+07 7.32410000000000000000E+02 -1
521 7.49330000000000000000E+13 599 1.89813000000000000000E+27 2.50300000000000000000E-01 1.65155000000000000000E+02 1.34240000000000000000E+02 2.43878000000000000000E+02 2.67454000000000000000E+02 2.31810000000000000000E+07 7.23730000000000000000E+02 -1
522 1.19890000000000000000E+14 599 1.89813000000000000000E+27 2.29600000000000000000E-01 1.48759000000000000000E+02 2.98340000000000000000E+01 1.34505000000000000000E+02 2.15956000000000000000E+02 2.11060000000000000000E+07 6.23320000000000000000E+02 -1
523 1.94830000000000000000E+14 599 1.89813000000000000000E+27 2.46600000000000000000E-01 1.65121000000000000000E+02 4.38640000000000000000E+01 2.18934000000000000000E+02 2.55702000000000000000E+02 2.35650000000000000000E+07 7.42060000000000000000E+02 -1
524 1.94830000000000000000E+14 599 1.89813000000000000000E+27 2.15200000000000000000E-01 1.49411000000000000000E+02 2.69613000000000000000E+02 6.47270000000000000000E+01 2.13675000000000000000E+02 2.12720000000000000000E+07 6.31600000000000000000E+02 -1
525 4.49600000000000000000E+13 599 1.89813000000000000000E+27 2.65500000000000000000E-01 1.64914000000000000000E+02 3.17497000000000000000E+02 1.02740000000000000000E+01 2.67136000000000000000E+02 2.32860000000000000000E+07 7.28460000000000000000E+02 -1
526 7.49330000000000000000E+13 599 1.89813000000000000000E+27 2.47100000000000000000E-01 1.65250000000000000000E+02 1.30961000000000000000E+02 1.16879000000000000000E+02 1.24941000000000000000E+02 2.32310000000000000000E+07 7.26230000000000000000E+02 -1
527 4.34610000000000000000E+14 599 1.89813000000000000000E+27 2.27400000000000000000E-01 1.48885000000000000000E+02 2.80956000000000000000E+02 1.90862000000000000000E+02 1.17480000000000000000E+02 2.11480000000000000000E+07 6.25300000000000000000E+02 -1
528 8.99200000000000000000E+13 599 1.89813000000000000000E+27 3.15200000000000000000E-01 1.52364000000000000000E+02 2.72817000000000000000E+02 5.47930000000000000000E+01 1.42035000000000000000E+02 2.40370000000000000000E+07 7.61000000000000000000E+02 -1
529 8.99200000000000000000E+13 599 1.89813000000000000000E+27 2.30700000000000000000E-01 1.48595000000000000000E+02 2.33022000000000000000E+02 9.70230000000000000000E+01 2.38786000000000000000E+02 2.11970000000000000000E+07 6.27190000000000000000E+02 -1
530 8.99200000000000000000E+13 599 1.89813000000000000000E+27 2.09500000000000000000E-01 1.50740000000000000000E+02 3.30393000000000000000E+02 3.00836000000000000000E+02 1.31854000000000000000E+02 2.12970000000000000000E+07 6.33900000000000000000E+02 -1
531 4.49600000000000000000E+13 599 1.89813000000000000000E+27 2.62700000000000000000E-01 1.65048000000000000000E+02 8.67900000000000000000E+00 9.94010000000000000000E+01 1.05000000000000000000E+02 2.33170000000000000000E+07 7.30100000000000000000E+02 -1
532 4.49600000000000000000E+13 599 1.89813000000000000000E+27 2.75500000000000000000E-01 1.50271000000000000000E+02 3.02470000000000000000E+02 2.23631000000000000000E+02 2.87689000000000000000E+02 2.31460000000000000000E+07 7.17340000000000000000E+02 -1
533 4.49600000000000000000E+13 599 1.89813000000000000000E+27 2.32000000000000000000E-01 1.48915000000000000000E+02 2.54297000000000000000E+02 3.20635000000000000000E+02 3.33101000000000000000E+02 2.10390000000000000000E+07 6.20600000000000000000E+02 -1
534 1.49866840000000000000E+13 599 1.89813000000000000000E+27 1.43800000000000000000E-01 1.45740000000000000000E+02 6.01430000000000000000E+01 8.99040000000000000000E+01 7.02430000000000000000E+01 1.93360000000000000000E+07 5.50690000000000000000E+02 -1
535 1.49870000000000000000E+13 599 1.89813000000000000000E+27 2.80700000000000000000E-01 1.46004000000000000000E+02 2.21949000000000000000E+02 2.16805000000000000000E+02 2.04517000000000000000E+02 2.11580000000000000000E+07 6.22600000000000000000E+02 -1
536 1.49870000000000000000E+13 599 1.89813000000000000000E+27 3.11200000000000000000E-01 1.50997000000000000000E+02 1.16363000000000000000E+02 6.18850000000000000000E+01 1.74044000000000000000E+02 2.37900000000000000000E+07 7.48310000000000000000E+02 -1
537 1.49870000000000000000E+13 599 1.89813000000000000000E+27 2.59700000000000000000E-01 1.64944000000000000000E+02 6.01700000000000000000E+01 4.42330000000000000000E+01 2.12853000000000000000E+02 2.33060000000000000000E+07 7.29550000000000000000E+02 -1
538 1.49870000000000000000E+13 599 1.89813000000000000000E+27 2.68200000000000000000E-01 1.65117000000000000000E+02 3.27729000000000000000E+02 2.31920000000000000000E+02 2.15443000000000000000E+02 2.30910000000000000000E+07 7.19460000000000000000E+02 -1
539 4.49600000000000000000E+13 599 1.89813000000000000000E+27 3.44500000000000000000E-01 1.54164000000000000000E+02 3.18902000000000000000E+02 1.97144000000000000000E+02 2.36950000000000000000E+02 2.35750000000000000000E+07 7.39850000000000000000E+02 -1
540 1.49860000000000000000E+13 599 1.89813000000000000000E+27 2.25800000000000000000E-01 1.48585000000000000000E+02 1.34670000000000000000E+01 4.05420000000000000000E+01 2.56860000000000000000E+02 2.10330000000000000000E+07 6.20060000000000000000E+02 -1
541 8.99200000000000000000E+13 599 1.89813000000000000000E+27 4.32500000000000000000E-01 1.58272000000000000000E+02 1.73392000000000000000E+02 5.97390000000000000000E+01 1.97676000000000000000E+02 2.39740000000000000000E+07 7.61410000000000000000E+02 -1
542 1.49870000000000000000E+13 599 1.89813000000000000000E+27 2.20100000000000000000E-01 1.51390000000000000000E+02 1.69962000000000000000E+02 3.13183000000000000000E+02 2.68013000000000000000E+02 2.11600000000000000000E+07 6.28100000000000000000E+02 -1
543 4.49600000000000000000E+13 599 1.89813000000000000000E+27 2.49500000000000000000E-01 1.65015000000000000000E+02 3.39210000000000000000E+02 1.71632000000000000000E+02 3.97130000000000000000E+01 2.33520000000000000000E+07 7.31900000000000000000E+02 -1
544 1.49870000000000000000E+13 599 1.89813000000000000000E+27 2.50900000000000000000E-01 1.65102000000000000000E+02 3.03390000000000000000E+01 9.83600000000000000000E+00 5.59370000000000000000E+01 2.32760000000000000000E+07 7.28280000000000000000E+02 -1
545 8.99200000000000000000E+13 599 1.89813000000000000000E+27 1.49800000000000000000E-01 1.54842000000000000000E+02 8.97490000000000000000E+01 2.99482000000000000000E+02 4.36590000000000000000E+01 2.10650000000000000000E+07 6.26320000000000000000E+02 -1
546 4.49600000000000000000E+13 599 1.89813000000000000000E+27 4.31700000000000000000E-01 5.16240000000000000000E+01 5.05970000000000000000E+01 9.03720000000000000000E+01 3.37062000000000000000E+02 1.70560000000000000000E+07 4.56100000000000000000E+02 1
547 8.99200000000000000000E+13 599 1.89813000000000000000E+27 2.61900000000000000000E-01 1.65265000000000000000E+02 1.93558000000000000000E+02 3.09685000000000000000E+02 2.04846000000000000000E+02 2.33230000000000000000E+07 7.30320000000000000000E+02 -1
548 1.49870000000000000000E+13 599 1.89813000000000000000E+27 4.15500000000000000000E-01 1.50336000000000000000E+02 2.52611000000000000000E+02 1.87429000000000000000E+02 1.28345000000000000000E+02 2.38000000000000000000E+07 7.52010000000000000000E+02 -1
549 1.49870000000000000000E+13 599 1.89813000000000000000E+27 3.31300000000000000000E-01 1.45173000000000000000E+02 3.13355000000000000000E+02 1.38071000000000000000E+02 3.34160000000000000000E+01 2.44820000000000000000E+07 7.76600000000000000000E+02 -1
550 1.49866840000000000000E+13 599 1.89813000000000000000E+27 2.54100000000000000000E-01 1.64964000000000000000E+02 2.95702000000000000000E+02 3.30295000000000000000E+02 1.41667000000000000000E+02 2.34080000000000000000E+07 7.34550000000000000000E+02 -1
699 5.68319000000000000000E+26 10 1.98854400000000000000E+30 5.44896474229964000000E-02 2.48918286698700000000E+00 1.13518791783367000000E+02 3.39447171992636000000E+02 1.35172350247600000000E+02 1.42765169181691000000E+09 1.07666761517518000000E+04 1
601 3.75000000000000000000E+19 699 5.68319000000000000000E+26 2.20739871636602000000E-02 2.67073905972180000000E+01 1.67758986690121000000E+02 3.85687991177173000000E+01 9.62067791260130000000E+00 1.86042530387219000000E+05 9.47515087570305000000E-01 1
602 1.08050000000000000000E+20 699 5.68319000000000000000E+26 3.77096594822810000000E-03 2.80455779278951000000E+01 1.69501742618868000000E+02 1.13731554240007000000E+02 2.47125225469703000000E+02 2.38409531933751000000E+05 1.37452667706617000000E+00 1
603 6.17600000000000000000E+20 699 5.68319000000000000000E+26 1.10924767803358000000E-03 2.76266741807052000000E+01 1.67372371483619000000E+02 1.58850280815862000000E+02 3.54437455674007000000E+02 2.94974095130961000000E+05 1.89166127006644000000E+00 1
604 1.09572000000000000000E+21 699 5.68319000000000000000E+26 1.57057620223153000000E-03 2.80178059139780000000E+01 1.69551058837128000000E+02 2.64525287641917000000E+02 1.61688608218501000000E+02 3.77645875952989000000E+05 2.74027717177232000000E+00 1
605 2.30900000000000000000E+21 699 5.68319000000000000000E+26 5.10502399593338000000E-04 2.77005722342668000000E+01 1.69693731683110000000E+02 1.94799582891623000000E+02 1.26599392233078000000E+02 5.27267300279454000000E+05 4.52077786692142000000E+00 1
606 1.34553000000000000000E+23 699 5.68319000000000000000E+26 2.85802310792367000000E-02 2.77038682979140000000E+01 1.69136919138011000000E+02 1.72086299237849000000E+02 1.49525737790067000000E+02 1.22195046214731000000E+06 1.59476538322188000000E+01 1
607 1.08000000000000000000E+19 699 5.68319000000000000000E+26 9.99669579917326000000E-02 2.70043193754179000000E+01 1.68910908247291000000E+02 2.70900177781451000000E+02 7.99294216803314000000E+01 1.48701039328825000000E+06 2.14110909176120000000E+01 1
608 1.80590000000000000000E+21 699 5.68319000000000000000E+26 2.82462898825652000000E-02 1.70820057272618000000E+01 1.39081330551745000000E+02 2.32400457676080000000E+02 2.52643884909017000000E+02 3.55956611516298000000E+06 7.92980846755119000000E+01 1
609 8.28900000000000000000E+18 699 5.68319000000000000000E+26 1.52908070249759000000E-01 1.73087660317468000000E+02 2.68335766241817000000E+02 5.30690250518733000000E+00 2.95485835681201000000E+02 1.29182591289372000000E+07 5.48243859817504000000E+02 1
610 1.98000000000000000000E+18 699 5.68319000000000000000E+26 1.07487722775298000000E-02 2.82044054909051000000E+01 1.69655542507696000000E+02 2.62712995111114000000E+02 3.56475954952106000000E+02 1.52045201622889000000E+05 7.00046468888282000000E-01 1
611 5.50000000000000000000E+17 699 5.68319000000000000000E+26 6.01342146454828000000E-03 2.82394206242973000000E+01 1.70159637548342000000E+02 5.79181501042780000000E+00 2.07027844503013000000E+02 1.52075233731437000000E+05 7.00253890711303000000E-01 1
612 2.54700000000000000000E+16 699 5.68319000000000000000E+26 7.09389291789493000000E-03 2.82198455868229000000E+01 1.69790310232950000000E+02 2.56047456893355000000E+02 2.28044494527644000000E+02 3.77883264719767000000E+05 2.74286403489140000000E+00 1
613 7.19400000000000000000E+15 699 5.68319000000000000000E+26 1.12819549223223000000E-03 2.70982969965281000000E+01 1.68014042386877000000E+02 2.27017691497100000000E+02 3.46989989342646000000E+02 2.94976030451980000000E+05 1.89168091447047000000E+00 1
614 3.59700000000000000000E+15 699 5.68319000000000000000E+26 4.87031826674889000000E-04 2.88440763278348000000E+01 1.66852778823508000000E+02 1.01767363576477000000E+02 3.48395068124881000000E+02 2.94984908237230000000E+05 1.89176631495160000000E+00 1
616 1.40000000000000000000E+17 699 5.68319000000000000000E+26 5.50864557897688000000E-03 2.80551970422923000000E+01 1.69538652312412000000E+02 2.98880027573163000000E+02 2.32324889195026000000E+01 1.40028415058914000000E+05 6.18717003703756000000E-01 1
617 1.30000000000000000000E+17 699 5.68319000000000000000E+26 7.30769442955170000000E-03 2.81014621453319000000E+01 1.69534744223589000000E+02 1.24605056475568000000E+01 3.11528054611612000000E+01 1.42354670570531000000E+05 6.34198736936361000000E-01 1
618 4.94560000000000000000E+15 699 5.68319000000000000000E+26 0.00000000000000000000E+00 0.00000000000000000000E+00 5.20760000000000000000E+01 1.03331000000000000000E+02 3.51187000000000000000E+02 1.33585000000000000000E+05 5.75000000000000000000E-01 1
619 4.94560000000000000000E+15 699 5.68319000000000000000E+26 3.33800000000000000000E-01 1.73497000000000000000E+02 1.92937000000000000000E+02 2.13520000000000000000E+01 2.28673000000000000000E+02 2.31280000000000000000E+07 1.31300000000000000000E+03 -1
620 8.24270000000000000000E+15 699 5.68319000000000000000E+26 3.32500000000000000000E-01 4.62280000000000000000E+01 3.30022000000000000000E+02 2.37522000000000000000E+02 3.21654000000000000000E+02 1.52040000000000000000E+07 6.87000000000000000000E+02 1
621 2.69760000000000000000E+15 699 5.68319000000000000000E+26 5.38200000000000000000E-01 3.37250000000000000000E+01 1.02504000000000000000E+02 2.74104000000000000000E+02 2.65783000000000000000E+02 1.82430000000000000000E+07 9.26000000000000000000E+02 1
622 1.19890000000000000000E+15 699 5.68319000000000000000E+26 2.71700000000000000000E-01 4.74850000000000000000E+01 1.30779000000000000000E+02 9.28990000000000000000E+01 1.73280000000000000000E+01 1.14080000000000000000E+07 4.51000000000000000000E+02 1
623 2.09810000000000000000E+14 699 5.68319000000000000000E+26 1.13900000000000000000E-01 1.75815000000000000000E+02 2.27259000000000000000E+02 3.42810000000000000000E+01 3.21133000000000000000E+02 1.94680000000000000000E+07 1.01700000000000000000E+03 -1
624 3.29710000000000000000E+15 699 5.68319000000000000000E+26 3.32500000000000000000E-01 4.67640000000000000000E+01 3.53584000000000000000E+02 9.02050000000000000000E+01 1.72018000000000000000E+02 1.13840000000000000000E+07 4.49000000000000000000E+02 1
625 2.09810000000000000000E+14 699 5.68319000000000000000E+26 2.09700000000000000000E-01 1.67439000000000000000E+02 8.28560000000000000000E+01 3.09694000000000000000E+02 9.28210000000000000000E+01 1.86530000000000000000E+07 9.53000000000000000000E+02 -1
626 2.09810000000000000000E+16 699 5.68319000000000000000E+26 4.79700000000000000000E-01 3.40600000000000000000E+01 1.02512000000000000000E+02 5.59320000000000000000E+01 3.28280000000000000000E+01 1.63930000000000000000E+07 7.83000000000000000000E+02 1
627 3.14720000000000000000E+14 699 5.68319000000000000000E+26 2.71800000000000000000E-01 1.52633000000000000000E+02 2.86599000000000000000E+02 2.03517000000000000000E+02 1.14689000000000000000E+02 1.56350000000000000000E+07 7.28000000000000000000E+02 -1
628 7.64320000000000000000E+14 699 5.68319000000000000000E+26 4.72200000000000000000E-01 3.44810000000000000000E+01 1.50985000000000000000E+02 2.82522000000000000000E+02 2.94829000000000000000E+02 1.76020000000000000000E+07 8.71000000000000000000E+02 1
629 3.89650000000000000000E+16 699 5.68319000000000000000E+26 2.80200000000000000000E-01 4.58090000000000000000E+01 4.78260000000000000000E+01 6.59290000000000000000E+01 2.01288000000000000000E+02 1.81820000000000000000E+07 8.96000000000000000000E+02 1
630 2.09810000000000000000E+14 699 5.68319000000000000000E+26 4.65900000000000000000E-01 1.77659000000000000000E+02 2.85762000000000000000E+02 1.25404000000000000000E+02 3.00750000000000000000E+01 2.04180000000000000000E+07 1.09400000000000000000E+03 -1
631 3.44690000000000000000E+14 699 5.68319000000000000000E+26 4.29600000000000000000E-01 1.45731000000000000000E+02 1.74435000000000000000E+02 1.69959000000000000000E+02 1.14172000000000000000E+02 1.93490000000000000000E+07 1.00400000000000000000E+03 -1
632 8.99200000000000000000E+12 699 5.68319000000000000000E+26 0.00000000000000000000E+00 1.30000000000000000000E-02 3.13562000000000000000E+02 1.34636000000000000000E+02 7.11890000000000000000E+01 1.94402000000000000000E+05 1.01000000000000000000E+00 1
633 3.29710000000000000000E+13 699 5.68319000000000000000E+26 4.00000000000000000000E-03 1.00000000000000000000E-03 1.23180000000000000000E+02 1.60740000000000000000E+01 3.56229000000000000000E+02 2.12282000000000000000E+05 1.14000000000000000000E+00 1
634 4.49600000000000000000E+12 699 5.68319000000000000000E+26 1.91000000000000000000E-02 1.75000000000000000000E-01 6.79360000000000000000E+01 3.11847000000000000000E+02 8.93070000000000000000E+01 3.77222000000000000000E+05 2.74000000000000000000E+00 1
635 7.79310000000000000000E+13 699 5.68319000000000000000E+26 0.00000000000000000000E+00 3.00000000000000000000E-03 1.32867000000000000000E+02 2.66931000000000000000E+02 1.13790000000000000000E+02 1.36504000000000000000E+05 5.94000000000000000000E-01 1
636 2.59900000000000000000E+14 699 5.68319000000000000000E+26 2.52400000000000000000E-01 1.66668000000000000000E+02 1.79064000000000000000E+02 2.42651000000000000000E+02 2.60170000000000000000E+01 2.07510000000000000000E+07 1.11700000000000000000E+03 -1
637 2.59900000000000000000E+14 699 5.68319000000000000000E+26 4.68200000000000000000E-01 3.51010000000000000000E+01 1.99128000000000000000E+02 3.58141000000000000000E+02 1.68045000000000000000E+02 1.71160000000000000000E+07 8.35000000000000000000E+02 1
638 2.59900000000000000000E+14 699 5.68319000000000000000E+26 1.42000000000000000000E-01 1.58557000000000000000E+02 2.02164000000000000000E+02 1.33400000000000000000E+02 3.06494000000000000000E+02 1.93360000000000000000E+07 1.00600000000000000000E+03 -1
639 4.14000000000000000000E+14 699 5.68319000000000000000E+26 5.14500000000000000000E-01 1.45136000000000000000E+02 2.88308000000000000000E+02 8.11850000000000000000E+01 2.39156000000000000000E+02 2.02090000000000000000E+07 1.08400000000000000000E+03 -1
640 1.49500000000000000000E+14 699 5.68319000000000000000E+26 2.41400000000000000000E-01 1.56520000000000000000E+02 1.35109000000000000000E+02 3.42995000000000000000E+02 2.82813000000000000000E+02 2.03900000000000000000E+07 1.08600000000000000000E+03 1
641 7.82000000000000000000E+13 699 5.68319000000000000000E+26 1.34700000000000000000E-01 1.64963000000000000000E+02 2.26595000000000000000E+02 1.20982000000000000000E+02 1.31678000000000000000E+02 2.24540000000000000000E+07 1.26000000000000000000E+03 -1
643 2.59900000000000000000E+14 699 5.68319000000000000000E+26 3.71000000000000000000E-01 1.65808000000000000000E+02 3.24380000000000000000E+02 2.12860000000000000000E+01 1.63640000000000000000E+02 1.98680000000000000000E+07 1.03900000000000000000E+03 -1
644 2.59900000000000000000E+14 699 5.68319000000000000000E+26 3.35900000000000000000E-01 1.51536000000000000000E+02 4.54020000000000000000E+01 2.73076000000000000000E+02 2.91841000000000000000E+02 1.84400000000000000000E+07 9.32000000000000000000E+02 -1
645 2.59900000000000000000E+14 699 5.68319000000000000000E+26 4.75600000000000000000E-01 1.56067000000000000000E+02 2.81211000000000000000E+02 1.63935000000000000000E+02 2.86021000000000000000E+02 2.20930000000000000000E+07 1.23400000000000000000E+03 -1
646 2.59900000000000000000E+14 699 5.68319000000000000000E+26 1.86200000000000000000E-01 1.67689000000000000000E+02 3.43811000000000000000E+02 3.28210000000000000000E+01 3.37237000000000000000E+02 2.30590000000000000000E+07 1.31200000000000000000E+03 -1
647 2.59900000000000000000E+14 699 5.68319000000000000000E+26 4.63600000000000000000E-01 1.61010000000000000000E+02 2.96623000000000000000E+02 1.93115000000000000000E+02 4.49650000000000000000E+01 1.76680000000000000000E+07 8.78000000000000000000E+02 -1
648 2.59900000000000000000E+14 699 5.68319000000000000000E+26 4.45900000000000000000E-01 1.69688000000000000000E+02 2.36537000000000000000E+02 3.03662000000000000000E+02 1.36191000000000000000E+02 2.29410000000000000000E+07 1.29800000000000000000E+03 -1
649 1.49870000000000000000E+12 699 5.68319000000000000000E+26 1.10000000000000000000E-03 1.50000000000000000000E-02 2.87852000000000000000E+02 1.38902000000000000000E+02 1.90473000000000000000E+02 1.96888000000000000000E+05 1.04000000000000000000E+00 1
650 2.59900000000000000000E+14 699 5.68319000000000000000E+26 2.17800000000000000000E-01 1.63649000000000000000E+02 2.25190000000000000000E+01 2.37422000000000000000E+02 1.98750000000000000000E+02 1.93540000000000000000E+07 9.65000000000000000000E+02 -1
651 2.59900000000000000000E+14 699 5.68319000000000000000E+26 3.14600000000000000000E-01 1.74800000000000000000E+02 3.49350000000000000000E+02 1.52160000000000000000E+02 3.14541000000000000000E+02 1.84570000000000000000E+07 9.21000000000000000000E+02 -1
652 2.59900000000000000000E+14 699 5.68319000000000000000E+26 1.67500000000000000000E-01 4.62910000000000000000E+01 8.32910000000000000000E+01 3.47670000000000000000E+01 1.61020000000000000000E+02 1.79620000000000000000E+07 8.88000000000000000000E+02 1
653 5.99460000000000000000E+10 699 5.68319000000000000000E+26 2.00000000000000000000E-04 1.00000000000000000000E-03 3.17202000000000000000E+02 1.52905000000000000000E+02 3.22771000000000000000E+02 1.67425000000000000000E+05 8.08100000000000000000E-01 1
799 8.68103000000000000000E+25 10 1.98854400000000000000E+30 4.82951298113761000000E-02 7.73988968137968000000E-01 7.37261102620465000000E+01 9.60522146281413000000E+01 2.06099660332402000000E+02 2.86910022365872000000E+09 3.06774606558353000000E+04 1
701 1.35300000000000000000E+21 799 8.68103000000000000000E+25 1.00339546082347000000E-03 9.77162931878408000000E+01 1.67644672070091000000E+02 1.30796256186966000000E+02 5.84628851882693000000E+01 1.90944578409148000000E+05 2.52078946036363000000E+00 1
702 1.17200000000000000000E+21 799 8.68103000000000000000E+25 4.07818754690858000000E-03 9.76944561239436000000E+01 1.67681155378070000000E+02 2.85369616479791000000E+01 2.37849597771798000000E+02 2.65998158698067000000E+05 4.14470343660749000000E+00 1
703 3.52700000000000000000E+21 799 8.68103000000000000000E+25 2.76711599344189000000E-03 9.77922982404979000000E+01 1.67619672317501000000E+02 2.36682600784242000000E+02 2.96856796492053000000E+02 4.36388839413854000000E+05 8.70924789144824000000E+00 1
704 3.01400000000000000000E+21 799 8.68103000000000000000E+25 1.19474678865546000000E-03 9.79076099627122000000E+01 1.67732824006693000000E+02 1.41308169507011000000E+02 4.72821053839588000000E+01 5.83565822269710000000E+05 1.34680829545211000000E+01 1
705 6.59000000000000000000E+19 799 8.68103000000000000000E+25 1.46052343749009000000E-03 9.35674891551681000000E+01 1.69124009996335000000E+02 1.83631831373386000000E+02 1.57173356315539000000E+01 1.29878571005848000000E+05 1.41411521607191000000E+00 1
706 4.49600000000000000000E+16 799 8.68103000000000000000E+25 3.00000000000000000000E-04 8.50000000000000000000E-02 3.83740000000000000000E+01 1.36827000000000000000E+02 2.54805000000000000000E+02 4.98000000000000000000E+04 3.35034000000000000000E-01 1
707 5.39520000000000000000E+16 799 8.68103000000000000000E+25 9.90000000000000000000E-03 1.04000000000000000000E-01 1.64048000000000000000E+02 1.77610000000000000000E+01 1.16259000000000000000E+02 5.38000000000000000000E+04 3.76400000000000000000E-01 1
708 9.29170000000000000000E+16 799 8.68103000000000000000E+25 9.00000000000000000000E-04 1.93000000000000000000E-01 9.32200000000000000000E+01 8.29300000000000000000E+00 1.38486000000000000000E+02 5.92000000000000000000E+04 4.34579000000000000000E-01 1
709 3.43200000000000000000E+17 799 8.68103000000000000000E+25 4.00000000000000000000E-04 6.00000000000000000000E-03 9.94030000000000000000E+01 4.42360000000000000000E+01 2.33795000000000000000E+02 6.18000000000000000000E+04 4.63570000000000000000E-01 1
710 1.78300000000000000000E+17 799 8.68103000000000000000E+25 1.00000000000000000000E-04 1.13000000000000000000E-01 3.06089000000000000000E+02 1.83285000000000000000E+02 1.84627000000000000000E+02 6.27000000000000000000E+04 4.73650000000000000000E-01 1
711 5.57500000000000000000E+17 799 8.68103000000000000000E+25 7.00000000000000000000E-04 6.50000000000000000000E-02 2.00155000000000000000E+02 2.23819000000000000000E+02 2.44696000000000000000E+02 6.44000000000000000000E+04 4.93065000000000000000E-01 1
712 1.68150000000000000000E+18 799 8.68103000000000000000E+25 1.00000000000000000000E-04 5.90000000000000000000E-02 2.60067000000000000000E+02 2.22433000000000000000E+02 2.18312000000000000000E+02 6.61000000000000000000E+04 5.13196000000000000000E-01 1
713 2.54700000000000000000E+17 799 8.68103000000000000000E+25 1.00000000000000000000E-04 2.79000000000000000000E-01 1.28470000000000000000E+01 1.40477000000000000000E+02 1.36181000000000000000E+02 6.99000000000000000000E+04 5.58460000000000000000E-01 1
714 3.56680000000000000000E+17 799 8.68103000000000000000E+25 1.00000000000000000000E-04 3.10000000000000000000E-02 2.79337000000000000000E+02 4.24060000000000000000E+01 3.57224000000000000000E+02 7.53000000000000000000E+04 6.23527000000000000000E-01 1
715 2.89390000000000000000E+18 799 8.68103000000000000000E+25 1.00000000000000000000E-04 3.19000000000000000000E-01 2.68734000000000000000E+02 1.77094000000000000000E+02 2.45796000000000000000E+02 8.60000000000000000000E+04 7.61833000000000000000E-01 1
716 2.99700000000000000000E+17 799 8.68103000000000000000E+25 1.81200000000000000000E-01 1.41529000000000000000E+02 1.71189000000000000000E+02 3.54339000000000000000E+02 7.27100000000000000000E+00 7.23110000000000000000E+06 5.79500000000000000000E+02 -1
717 2.69760000000000000000E+18 799 8.68103000000000000000E+25 5.21900000000000000000E-01 1.59420000000000000000E+02 2.63034000000000000000E+02 2.01030000000000000000E+01 2.66583000000000000000E+02 1.21794000000000000000E+07 1.28340000000000000000E+03 -1
718 9.89000000000000000000E+16 799 8.68103000000000000000E+25 4.44500000000000000000E-01 1.51830000000000000000E+02 3.19003000000000000000E+02 1.74152000000000000000E+02 2.33586000000000000000E+02 1.62768000000000000000E+07 1.99280000000000000000E+03 -1
719 8.69000000000000000000E+16 799 8.68103000000000000000E+25 5.90800000000000000000E-01 1.58235000000000000000E+02 2.50235000000000000000E+02 3.59953000000000000000E+02 1.79449000000000000000E+02 1.74204000000000000000E+07 2.20230000000000000000E+03 -1
720 2.54000000000000000000E+16 799 8.68103000000000000000E+25 2.24800000000000000000E-01 1.43819000000000000000E+02 1.91411000000000000000E+02 1.49560000000000000000E+01 2.70163000000000000000E+02 8.00740000000000000000E+06 6.76500000000000000000E+02 -1
721 4.64590000000000000000E+15 799 8.68103000000000000000E+25 2.19400000000000000000E-01 1.66971000000000000000E+02 1.93755000000000000000E+02 1.58688000000000000000E+02 1.80374000000000000000E+02 8.50520000000000000000E+06 7.58100000000000000000E+02 -1
722 8.39250000000000000000E+15 799 8.68103000000000000000E+25 1.32400000000000000000E-01 1.47250000000000000000E+02 1.00738000000000000000E+02 1.40644000000000000000E+02 3.20200000000000000000E+00 4.28290000000000000000E+06 2.66600000000000000000E+02 -1
723 6.29440000000000000000E+15 799 8.68103000000000000000E+25 6.77200000000000000000E-01 5.73670000000000000000E+01 7.06700000000000000000E+00 9.00170000000000000000E+01 3.22187000000000000000E+02 1.41467000000000000000E+07 1.69480000000000000000E+03 1
724 6.29440000000000000000E+15 799 8.68103000000000000000E+25 3.99300000000000000000E-01 1.69793000000000000000E+02 2.17350000000000000000E+02 1.56298000000000000000E+02 2.61630000000000000000E+01 2.04300000000000000000E+07 2.82340000000000000000E+03 1
899 1.02410000000000000000E+26 10 1.98854400000000000000E+30 9.15974884857797000000E-03 1.76614927216888000000E+00 1.31730770682773000000E+02 2.91343331099306000000E+02 2.73786252891591000000E+02 4.48625336779647000000E+09 5.99825357300970000000E+04 1
801 2.14700000000000000000E+22 899 1.02410000000000000000E+26 2.40780170049616000000E-05 1.29533375394786000000E+02 2.19639200067903000000E+02 1.29051203964277000000E+02 1.41838522093908000000E+01 3.54765941999214000000E+05 5.87707504755682000000E+00 -1
802 3.08730000000000000000E+19 899 1.02410000000000000000E+26 7.50700000000000000000E-01 7.09000000000000000000E+00 3.35570000000000000000E+02 2.81117000000000000000E+02 2.16692000000000000000E+02 5.51381800000000000000E+06 3.60136190000000000000E+02 1
803 1.94830000000000000000E+17 899 1.02410000000000000000E+26 3.00000000000000000000E-04 4.69100000000000000000E+00 4.22790000000000000000E+01 2.04500000000000000000E+00 3.00350000000000000000E+01 4.82270000000000000000E+04 2.94396000000000000000E-01 1
804 3.74670000000000000000E+17 899 1.02410000000000000000E+26 2.00000000000000000000E-04 1.35000000000000000000E-01 1.45980000000000000000E+02 2.37065000000000000000E+02 2.62923000000000000000E+02 5.00740000000000000000E+04 3.11485000000000000000E-01 1
805 2.09810000000000000000E+18 899 1.02410000000000000000E+26 2.00000000000000000000E-04 6.80000000000000000000E-02 7.70600000000000000000E+01 1.76857000000000000000E+02 2.30812000000000000000E+02 5.25260000000000000000E+04 3.34655000000000000000E-01 1
806 3.74670000000000000000E+18 899 1.02410000000000000000E+26 1.00000000000000000000E-04 3.40000000000000000000E-02 3.72470000000000000000E+01 3.43011000000000000000E+02 6.59990000000000000000E+01 6.19530000000000000000E+04 4.28745000000000000000E-01 1
807 4.94560000000000000000E+18 899 1.02410000000000000000E+26 1.40000000000000000000E-03 2.05000000000000000000E-01 3.08127000000000000000E+02 2.49891000000000000000E+02 1.66246000000000000000E+02 7.35480000000000000000E+04 5.54654000000000000000E-01 1
808 5.03550000000000000000E+19 899 1.02410000000000000000E+26 5.00000000000000000000E-04 7.50000000000000000000E-02 3.15131000000000000000E+02 6.79680000000000000000E+01 2.50938000000000000000E+02 1.17646000000000000000E+05 1.12231500000000000000E+00 1
809 8.99200000000000000000E+16 899 1.02410000000000000000E+26 2.90900000000000000000E-01 1.12898000000000000000E+02 2.17288000000000000000E+02 1.62119000000000000000E+02 1.05258000000000000000E+02 1.66810000000000000000E+07 1.87970000000000000000E+03 -1
810 1.49870000000000000000E+16 899 1.02410000000000000000E+26 4.61700000000000000000E-01 1.37679000000000000000E+02 2.98074000000000000000E+02 1.44158000000000000000E+02 1.90027000000000000000E+02 4.67050000000000000000E+07 9.37400000000000000000E+03 -1
811 8.99200000000000000000E+16 899 1.02410000000000000000E+26 2.82700000000000000000E-01 4.99070000000000000000E+01 6.03540000000000000000E+01 6.50470000000000000000E+01 1.68139000000000000000E+02 2.26190000000000000000E+07 2.91410000000000000000E+03 1
812 8.99200000000000000000E+16 899 1.02410000000000000000E+26 4.33900000000000000000E-01 3.40490000000000000000E+01 5.91240000000000000000E+01 1.40107000000000000000E+02 2.85863000000000000000E+02 2.36130000000000000000E+07 3.16790000000000000000E+03 1
813 1.64850000000000000000E+17 899 1.02410000000000000000E+26 4.24300000000000000000E-01 1.31265000000000000000E+02 4.91510000000000000000E+01 8.64410000000000000000E+01 2.60648000000000000000E+02 5.02580000000000000000E+07 9.11590000000000000000E+03 -1
999 1.30700000000000000000E+22 10 1.98854400000000000000E+30 2.48426066187203000000E-01 1.70113962187360000000E+01 1.10364737486460000000E+02 1.14290730966394000000E+02 3.56509428402381000000E+01 5.91467233363147000000E+09 9.08042849088761000000E+04 1
901 1.53000000000000000000E+21 999 1.30700000000000000000E+22 5.12369718562193000000E-05 1.12872754424874000000E+02 2.27408570491473000000E+02 2.05662645819605000000E+02 3.42410426650332000000E+01 1.95961957875176000000E+04 6.38721481336805000000E+00 1
Ship1 1.00E+5 399 5.97219000000000000000E+24 0 0 20 0 0 3E+4 0 1
1000132 ? 10 1.988544E+30 0.9950817161180432 8.943015434933707E+01 2.824708519554775E+02 1.305894923930678E+02 3.5997116322118E+02 2.78049078E+10 9.25515E+05 -1
1000036 ? 10 1.988544E+30 0.9671429084623044 1.622626905791606E+02 5.842008097656843E+01 1.113324851045177E+02 3.8384264476436E+01 2.66795001E+09 2.75085E+04 -1
1000012 ? 10 1.988544E+30 0.6409739314162571 7.040200902346087 5.014210951437195E+01 1.278560606538363E+01 3.1930334677881E+02 5.18030095E+08 2.3536E+03 -1
1000140 ? 10 1.988544E+30 0.9632257550460384 1.134538169971712E+02 1.393811920815948E+02 1.529821676305871E+02 7.6316961671248 3.90331804E+09 4.86802E+04 -1
1000131 ? 10 1.988544E+30 0.9998986702212276 1.249226625944912E+02 1.880452284985425E+02 1.301740835084622E+02 3.5999957778715E+02 3.39898246E+11 3.95571E+07 -1
1001161 ? 10 1.988544E+30 0.7607636982815168 1.234951889496333E+01 3.29064102242387E+02 1.833408070924741E+02 3.598688567841036E+02 1.2847412E+09 3.35749E+06 -1
1003090 ? 10 1.988544E+30 0.7268179497695516 1.325507005551551E+01 1.066611895135264E+02 1.57312291539857E+02 3.572027639767262E+02 1.34444835E+09 3.59424E+06 -1
1001655 ? 10 1.988544E+30 0.9432713407932722 2.137875887754832E+01 1.564113403895667E+02 2.077651916059917E+02 0.162407019053725 4.2915772E+09 7.58846E+04 -1
1000960 ? 10 1.988544E+30 0.9487613644511061 5.603318114356772E+01 8.580950568189182E+01 8.456068197911931 0.07246978788815957 3.52869686E+09 1.52831E+07 -1
2000004 ? 10 1.988544E+30 0.09002258422539088 7.133936541718016 1.039514346862076E+02 1.495867755441192E+02 3.408879587395919E+02 3.53280616E+08 1.3255E+03 -1
2000002 ? 10 1.988544E+30 0.2296435467785517 3.4846137876302E+01 1.731978000358533E+02 3.102655685017972E+02 3.528535643748679E+02 4.14733557E+08 1.68599E+03 -1
2000003 ? 10 1.988544E+30 0.2584431433514908 1.296741821245465E+01 1.701726569883445E+02 2.48031585509157E+02 2.401556367803262E+02 3.99132517E+08 1.59176E+03 -1
2000001 ? 10 1.988544E+30 0.07582276595896797 1.059338616262872E+01 8.032926547452543E+01 7.252203270043788E+01 9.598917578768719E+01 4.14012992E+08 6.14203E+05 -1
2000010 ? 10 1.988544E+30 0.1152780560463355 3.841064231498112 2.834211836370176E+02 3.124581528371256E+02 2.287037091720366E+02 4.69653012E+08 7.42091E+05 -1
2000052 ? 10 1.988544E+30 0.1076683107411325 7.483113879029118 1.287282488761585E+02 3.443178721559961E+02 3.067786950223747E+02 4.62921466E+08 7.26193E+05 -1
2000087 ? 10 1.988544E+30 0.09170144558919197 1.087708141821515E+01 7.306521569826889E+01 2.636718278892546E+02 2.098298702270926E+02 5.20618636E+08 8.66106E+05 -1
2000015 ? 10 1.988544E+30 0.1874594163786241 1.173888056430162E+01 2.931871147204334E+02 2.931871147204334E+02 2.775295198859401E+02 3.95524019E+08 5.73523E+05 -1
################################# LEGEND ######################################
ID, M, OID, OM, EC, IN, OM, W, MA, A, PR, D
ID ID of the body
M Mass of the body (kg)
OID ID of the body it's orbiting
OM Mass of the body it's orbiting (kg)
EC "Eccentricity," e
IN Inclination w.r.t "xy-plane," i (degrees)
OM Longitude of Ascending "Node," "OMEGA," (degrees)
W Argument of "Perifocus," w (degrees)
MA Mean "anomaly," M (degrees)
A Semi-major "axis," a (km)
PR Sidereal orbit period (day)
D Direction (Prograde is 1, Retrograde is -1)