10 1.988544E30 0 0 8.530095985073217E-01 2.627824925887845E+00 6.404445874953147E+01 8.224041627491057E+01 1.635416181646038E+02 1.450258113936778E-03 4.109585033675402E+02
199 3.302E23 10 1.988544E30 2.056431728396346E-01 7.004082299678744E+00 4.831280654985313E+01 2.916765195399031E+01 8.521421730723302E+00 3.870976265796784E-01 8.796889842168289E+01
299 48.685E23 10 1.988544E30 6.754796434370293E-03 3.394504694057206E+00 7.664067014299388E+01 5.466883930540968E+01 3.028167983331397E+02 7.233297653105244E-01 2.246996524150286E+02
301 734.9E20 399 5.97219E24 6.137930132830616E-02 5.056866128114828E+00 2.017560387768525E+02 1.254723392922991E+02 2.207586765891378E+02 2.555287764453624E-03 2.705767377523977E+01
399 5.97219E24 10 1.988544E30 1.640739373227881E-02 3.528204953206214E-03 1.521356163929395E+02 3.092291677556552E+02 2.079966760013665E+02 1.000467868332764E+00 3.655127176047847E+02
401 1.08E16 499 6.4185E23 1.530632049440753E-02 2.762911700154224E+01 8.165172244779346E+01 1.450921248197599E+02 5.338352296577285E+01 6.268876174276455E-05 3.191339343570205E-01
402 1.80E15 499 6.4185E23 2.336561936756393E-04 2.610682881860601E+01 7.875439764223000E+01 3.164038468291384E+02 5.496334509927897E+01 1.568173831692294E-04 1.262640617238709E+00
499 6.4185E23 10 1.988544E30 9.352065269034744E-02 1.848397114124849E+00 4.951456087780042E+01 2.865755319329568E+02 2.900976026133160E+02 1.523668653523242E+00 6.869642806911705E+02
501 893.3E20 599 1898.13E24 4.699170769713924E-03 2.238095032393962E+00 3.371392431036437E+02 9.524735799719544E+01 2.625411858323724E+01 2.821197364349957E-03 1.771450429255466E+00
502 479.7E20 599 1898.13E24 9.131686916473883E-03 2.634897796272519E+00 3.434018157749449E+02 2.665906581542348E+02 1.937863013430283E+02 4.487433875380454E-03 3.553698824684855E+00
503 1482E20 599 1898.13E24 1.819120349334419E-03 2.283605798463737E+00 3.409222459839131E+02 3.499285085310777E+02 1.558583197515769E+01 7.156131516632323E-03 7.156316468155866E+00
504 1076E20 599 1898.13E24 7.215776155902940E-03 1.981323887725450E+00 3.370133739050389E+02 2.857660142816942E+01 1.103157374127326E+02 1.258959569320575E-02 1.669915072604302E+01
599 1898.13E24 10 1.988544E30 4.885573532085541E-02 1.303885694821350E+00 1.005166950675894E+02 2.736433860795037E+02 1.027169382980792E+02 5.201614552082248E+00 4.331102769909387E+03
601 3.75E19 699 5.68319E26 2.207398716366023E-02 2.670739059721803E+01 1.677589866901219E+02 3.856879911771736E+01 9.620677912601305E+00 1.243617502820645E-03 9.475150875703053E-01
602 10.805E19 699 5.68319E26 3.770965948228109E-03 2.804557792789512E+01 1.695017426188683E+02 1.137315542400073E+02 2.471252254697030E+02 1.593669286990402E-03 1.374526677066177E+00
603 61.76E19 699 5.68319E26 1.109247678033584E-03 2.762667418070525E+01 1.673723714836196E+02 1.588502808158622E+02 3.544374556740071E+02 1.971780037715214E-03 1.891661270066443E+00
604 109.572E19 699 5.68319E26 1.570576202231533E-03 2.801780591397808E+01 1.695510588371287E+02 2.645252876419170E+02 1.616886082185016E+02 2.524406759173140E-03 2.740277171772324E+00
605 230.9E19 699 5.68319E26 5.105023995933383E-04 2.770057223426686E+01 1.696937316831103E+02 1.947995828916234E+02 1.265993922330783E+02 3.524564205441293E-03 4.520777866921421E+00
606 13455.3E19 699 5.68319E26 2.858023107923671E-02 2.770386829791400E+01 1.691369191380118E+02 1.720862992378493E+02 1.495257377900678E+02 8.168234323319881E-03 1.594765383221884E+01
607 1.08E19 699 5.68319E26 9.996695799173268E-02 2.700431937541798E+01 1.689109082472916E+02 2.709001777814517E+02 7.992942168033147E+01 9.940050525653981E-03 2.141109091761200E+01
608 180.59E19 699 5.68319E26 2.824628988256522E-02 1.708200572726186E+01 1.390813305517455E+02 2.324004576760808E+02 2.526438849090175E+02 2.379422981428165E-02 7.929808467551193E+01
609 0.8289E19 699 5.68319E26 1.529080702497592E-01 1.730876603174687E+02 2.683357662418170E+02 5.306902505187333E+00 2.954858356812016E+02 8.635322861542045E-02 5.482438598175041E+02
610 0.0198E20 699 5.68319E26 1.074877227752981E-02 2.820440549090512E+01 1.696555425076967E+02 2.627129951111143E+02 3.564759549521065E+02 1.016359396771077E-03 7.000464688882829E-01
611 0.0055E20 699 5.68319E26 6.013421464548289E-03 2.823942062429731E+01 1.701596375483423E+02 5.791815010427805E+00 2.070278445030132E+02 1.016560149017137E-03 7.002538907113036E-01
612 0.002547E19 699 5.68319E26 7.093892917894932E-03 2.821984558682295E+01 1.697903102329505E+02 2.560474568933552E+02 2.280444945276448E+02 2.525993605066510E-03 2.742864034891404E+00
613 0.0007194E19 699 5.68319E26 1.128195492232238E-03 2.709829699652819E+01 1.680140423868774E+02 2.270176914971005E+02 3.469899893426465E+02 1.971792974537173E-03 1.891680914470472E+00
614 0.0003597E19 699 5.68319E26 4.870318266748896E-04 2.884407632783488E+01 1.668527788235081E+02 1.017673635764775E+02 3.483950681248813E+02 1.971852318866136E-03 1.891766314951600E+00
616 0.0014E20 699 5.68319E26 5.508645578976882E-03 2.805519704229230E+01 1.695386523124125E+02 2.988800275731633E+02 2.323248891950263E+01 9.360321400544757E-04 6.187170037037560E-01
617 0.0013E20 699 5.68319E26 7.307694429551701E-03 2.810146214533193E+01 1.695347442235891E+02 1.246050564755684E+01 3.115280546116126E+01 9.515821976905376E-04 6.341987369363614E-01
699 5.68319E26 10 1.988544E30 5.448964742299646E-02 2.489182866987001E+00 1.135187917833673E+02 3.394471719926360E+02 1.351723502476001E+02 9.543262114204076E+00 1.076667615175184E+04
701 13.53E20 799 86.8103E24 1.003395460823478E-03 9.771629318784082E+01 1.676446720700914E+02 1.307962561869661E+02 5.846288518826930E+01 1.276385669900773E-03 2.520789460363634E+00
702 11.72E20 799 86.8103E24 4.078187546908582E-03 9.769445612394368E+01 1.676811553780702E+02 2.853696164797917E+01 2.378495977717982E+02 1.778087866180224E-03 4.144703436607490E+00
703 35.27E20 799 86.8103E24 2.767115993441890E-03 9.779229824049798E+01 1.676196723175019E+02 2.366826007842428E+02 2.968567964920530E+02 2.917079216247529E-03 8.709247891448246E+00
704 30.14E20 799 86.8103E24 1.194746788655467E-03 9.790760996271223E+01 1.677328240066931E+02 1.413081695070111E+02 4.728210538395886E+01 3.900896580540103E-03 1.346808295452119E+01
705 0.659E20 799 86.8103E24 1.460523437490094E-03 9.356748915516812E+01 1.691240099963354E+02 1.836318313733869E+02 1.571733563155390E+01 8.681846232043197E-04 1.414115216071912E+00
799 86.8103E24 10 1.988544E30 4.829512981137619E-02 7.739889681379688E-01 7.372611026204653E+01 9.605221462814139E+01 2.060996603324021E+02 1.917875040756665E+01 3.067746065583536E+04
801 214.7E20 899 102.41E24 2.407801700496168E-05 1.295333753947862E+02 2.196392000679033E+02 1.290512039642776E+02 1.418385220939087E+01 2.371463847307382E-03 5.877075047556826E+00
899 102.41E24 10 1.988544E30 9.159748848577978E-03 1.766149272168881E+00 1.317307706827739E+02 2.913433310993063E+02 2.737862528915916E+02 2.998875148960571E+01 5.998253573009706E+04
901 1.53E21 999 1.307E22 5.123697185621932E-05 1.128727544248742E+02 2.274085704914733E+02 2.056626458196056E+02 3.424104266503328E+01 1.309924780066912E-04 6.387214813368055E+00
999 1.307E22 10 1.988544E30 2.484260661872039E-01 1.701139621873608E+01 1.103647374864607E+02 1.142907309663941E+02 3.565094284023810E+01 3.953714251383045E+01 9.080428490887617E+04
################################# LEGEND ######################################
ID, M, OID, OM, EC, IN, OM, W, MA, A, PR

ID     ID of the body
M      Mass of the body (kg)
OID    ID of the body it's orbiting
OM     Mass of the body it's orbiting (kg)
EC     Eccentricity, e
IN     Inclination w.r.t xy-plane, i (degrees)
OM     Longitude of Ascending Node, OMEGA, (degrees)
W      Argument of Perifocus, w (degrees)
MA     Mean anomaly, M (degrees)
A      Semi-major axis, a (AU)
PR     Sidereal orbit period (day)